
---------------------------------------------------------------------------------------------------
-> female = 0

    Variable |        Obs        Mean    Std. Dev.       Min        Max
-------------+---------------------------------------------------------
      docvis |     14,243    2.625711    5.211209          0        121
     hospvis |     14,243    .1277821    .9302088          0         51
         age |     14,243    42.65281    11.27039         25         64
        hsat |     14,243    6.924362    2.251479          0         10
     handdum |     14,243    .2272948    .4190075          0          1
-------------+---------------------------------------------------------
     handper |     14,243    8.133709    20.32877          0        100
     married |     14,243    .7651478    .4239213          0          1
        educ |     14,243     11.7287     2.43649          7         18
      hhninc |     14,243    3590.541    1735.639          0      30000
      hhkids |     14,243    .4129748    .4923857          0          1
-------------+---------------------------------------------------------
        self |     14,243    .0856561    .2798654          0          1
      public |     14,243    .8610546    .3459017          0          1
       addon |     14,243    .0175525    .1313225          0          1
       y1985 |     14,243    .1388752    .3458284          0          1
       y1986 |     14,243    .1381731    .3450937          0          1
-------------+---------------------------------------------------------
       y1987 |     14,243    .1341712    .3408481          0          1
       y1988 |     14,243    .1623956    .3688262          0          1
       y1991 |     14,243    .1575511    .3643323          0          1
       y1994 |     14,243    .1272204    .3332314          0          1

---------------------------------------------------------------------------------------------------
-> female = 1

    Variable |        Obs        Mean    Std. Dev.       Min        Max
-------------+---------------------------------------------------------
      docvis |     13,083    3.790797    6.111125          0        100
     hospvis |     13,083    .1496599     .831416          0         35
         age |     13,083    44.47596     11.3192         25         64
        hsat |     13,083    6.634172    2.329513          0         10
     handdum |     13,083    .1995585    .3995383          0          1
-------------+---------------------------------------------------------
     handper |     13,083    5.791431    17.95622          0        100
     married |     13,083    .7515096    .4321541          0          1
        educ |     13,083    10.87638    2.109105          7         18
      hhninc |     13,083    3444.951     1801.79          0      30671
      hhkids |     13,083    .3915769    .4881215          0          1
-------------+---------------------------------------------------------
        self |     13,083    .0366124    .1878154          0          1
      public |     13,083    .9125583    .2824921          0          1
       addon |     13,083    .0201789    .1406172          0          1
       y1985 |     13,083    .1388061    .3457573          0          1
       y1986 |     13,083    .1394176     .346395          0          1
-------------+---------------------------------------------------------
       y1987 |     13,083    .1341435    .3408195          0          1
       y1988 |     13,083    .1658641    .3719728          0          1
       y1991 |     13,083    .1602079    .3668128          0          1
       y1994 |     13,083    .1196209    .3245301          0          1

