
    Variable |       Obs        Mean    Std. Dev.       Min        Max
-------------+--------------------------------------------------------
          NR |      4360    5262.059     3496.15         13      12548
        YEAR |      4360      1983.5    2.291551       1980       1987
          AG |      4360    .0321101    .1763127          0          1
       BLACK |      4360    .1155963    .3197769          0          1
         BUS |      4360    .0759174    .2648963          0          1
-------------+--------------------------------------------------------
         CON |      4360        .075    .2634216          0          1
         ENT |      4360    .0151376    .1221142          0          1
       EXPER |      4360    6.514679    2.825873          0         18
         FIN |      4360    .0369266    .1886033          0          1
        HISP |      4360    .1559633    .3628622          0          1
-------------+--------------------------------------------------------
        HLTH |      4360    .0169725     .129183          0          1
       HOURS |      4360    2191.257    566.3523        120       4992
         MAN |      4360    .2823394    .4501893          0          1
         MAR |      4360    .4389908    .4963208          0          1
         MIN |      4360    .0155963    .1239218          0          1
-------------+--------------------------------------------------------
          NC |      4360    .2577982    .4374725          0          1
          NE |      4360    .1901376    .3924546          0          1
        OCC1 |      4360    .1038991    .3051646          0          1
        OCC2 |      4360    .0915138    .2883714          0          1
        OCC3 |      4360    .0534404    .2249358          0          1
-------------+--------------------------------------------------------
        OCC4 |      4360    .1114679    .3147468          0          1
        OCC5 |      4360    .2142202    .4103273          0          1
        OCC6 |      4360    .2020642    .4015859          0          1
        OCC7 |      4360    .0919725    .2890202          0          1
        OCC8 |      4360    .0146789    .1202778          0          1
-------------+--------------------------------------------------------
        OCC9 |      4360    .1167431    .3211508          0          1
         PER |      4360    .0167431    .1283221          0          1
         PRO |      4360    .0763761    .2656295          0          1
         PUB |      4360    .0401376    .1963044          0          1
         RUR |      4360    .2038991     .402941          0          1
-------------+--------------------------------------------------------
           S |      4360    .3506881    .4772402          0          1
      SCHOOL |      4360    11.76697    1.746181          3         16
         TRA |      4360    .0655963    .2476035          0          1
        TRAD |      4360    .2681193    .4430309          0          1
       UNION |      4360    .2440367    .4295639          0          1
-------------+--------------------------------------------------------
        WAGE |      4360    1.649147    .5326094  -3.579079    4.05186
