
    Variable |        Obs        Mean    Std. Dev.       Min        Max
-------------+---------------------------------------------------------
      momid3 |    296,218    70172.89    40854.36          1     141929
         idx |    296,218    1.562589    .5740521          1          3
    stateres |    296,218    26.64554    14.59416          1         51
       dmage |    296,218    28.48051    5.446994         13         50
      dmeduc |    296,218     13.8803     2.27513          0         17
-------------+---------------------------------------------------------
      mplbir |    296,218    26.15499     14.3325          1         51
       nlbnl |    296,218    1.257479    1.256079          0         15
      gestat |    296,218    39.24945    2.163624         17         47
      dbirwt |    296,218     3456.81    539.5554        227       8020
       cigar |    296,218    2.124341    8.893555          0         99
-------------+---------------------------------------------------------
       smoke |    296,218    .1295364    .3357932          0          1
        male |    296,218     .513247    .4998253          0          1
        year |    296,218    3.948322    2.276331          0          8
     married |    296,218    .8694104    .3369516          0          1
      hsgrad |    296,218    .2944926    .4558151          0          1
-------------+---------------------------------------------------------
    somecoll |    296,218    .2336219    .4231351          0          1
    collgrad |    296,218    .3782755    .4849577          0          1
       agesq |    296,218    840.8092     312.753        169       2500
       black |    296,218    .0742122    .2621164          0          1
   adeqcode2 |    296,218    .1689431    .3747023          0          1
-------------+---------------------------------------------------------
   adeqcode3 |    296,218    .0397579    .1953902          0          1
     novisit |    296,218     .007454    .0860141          0          1
     pretri2 |    296,218    .1131363    .3167598          0          1
     pretri3 |    296,218     .019911    .1396948          0          1
proxy_exists |    296,218    .3594751    .4798474          0          1
-------------+---------------------------------------------------------
proxy_or_p~t |    296,218    .8144155    .2415126          0          1
